MatrizA:
{
3266 6256 5418 5751 8253 6638 1584 2026 4171 2098 4147 8555 6371 6228 7861 3220 6798 7211 8378 3785 6903 8267 5303 6043 2664 4049 4057 1774 2059 4001 2441 6732 
3712 2873 4648 4372 8884 8201 8272 1288 3328 7164 6141 6243 8067 7074 3582 4377 1765 7888 3137 7680 3007 1314 5725 5637 8252 2255 8383 3519 2561 5527 3382 7299 
7939 3464 1166 2407 8635 2515 8939 6859 7126 7607 3320 5507 7266 4406 5105 7913 1214 2336 1064 2796 8547 6791 1680 4237 6838 3394 1344 4188 7930 3671 4047 2633 
3687 4590 7070 2563 2091 3624 2030 6545 2562 8749 2196 8065 8124 6520 3040 7895 2139 8752 3956 4721 6889 3730 2473 2073 7010 7870 1016 7431 3243 8297 5873 8503 
6814 4605 8060 4882 7368 3781 5056 4927 2555 7944 4975 3324 1108 8058 3368 7166 7300 3807 6216 6935 2154 1278 1701 6331 5772 4191 2462 8780 6963 4030 4317 7435 
8468 6066 6202 2520 6762 2826 5610 5580 2257 5639 2821 7889 6364 4683 2148 1751 4721 7389 4301 6834 8799 7761 6876 5467 2808 5865 6121 6241 3341 2073 2365 3890 
1327 8037 3701 3780 5898 3916 1000 5737 4114 8621 2611 6505 6058 3267 2760 4773 5587 4518 6999 5227 1536 2525 1451 1762 1248 6520 5281 1429 6596 8622 4120 7425 
8577 6927 3845 2140 7064 3613 1122 6062 4555 8302 4974 3143 2798 2596 6751 3211 1455 3103 4938 7749 5474 7848 5709 3314 8150 4168 8380 2347 7701 6567 8132 8814 
1451 8217 3226 6508 5345 4787 8710 1334 8654 7952 4517 4015 5242 2342 1004 5641 1313 6442 2679 3214 6639 5866 6499 2251 1548 5156 6819 7190 6747 8816 3754 8235 
4278 5208 6875 6034 6417 7428 1019 8264 7938 3229 7147 6716 5273 4009 3515 4854 6212 3514 7317 8652 4221 4791 5602 1612 5912 5307 5673 3826 3859 6114 8762 3073 
8078 8947 8702 7371 3893 7765 4968 8713 5944 8640 6326 8557 2664 7676 4951 7449 5779 7777 2375 5071 5653 7956 7464 5493 1931 6756 4146 1794 7451 4288 7034 2567 
3899 4886 4062 6960 1577 6256 5691 5523 7374 6053 5113 4269 2003 3730 7611 4279 8017 5514 1237 6345 8209 2325 3263 3818 2227 8666 3895 2222 4803 2937 6913 3878 
5990 8720 1138 5556 4779 8186 4717 8546 2013 7668 1202 4401 8645 1621 5907 5154 1002 5667 6622 5847 1932 6383 4394 8397 7127 1933 2881 7509 3722 3320 8216 2421 
6179 8493 6479 2772 7778 8360 3944 8738 4779 7229 5981 3088 6430 4837 3716 4120 3878 2999 5822 2736 6798 3731 1497 2369 3633 3277 1841 6679 5276 7952 8120 5411 
4125 5590 6041 7604 3337 8884 5636 3974 4494 8259 5302 6518 1610 1463 1789 4020 2209 7719 3763 5209 5000 3546 1430 1646 2674 4567 4739 7276 1569 6378 5214 7668 
6969 1773 3707 8727 3154 6085 7505 5690 3053 7258 2576 1255 1894 8152 2538 1372 4917 4438 8804 6656 5440 7277 6537 7530 7072 1993 3157 2633 1663 8662 5430 7638 
1912 8868 8514 3510 5335 7494 5824 7718 3319 2898 5543 8782 4639 7696 3322 1249 2338 3853 4881 4297 4854 7399 3329 5815 2548 1003 4631 3201 5989 8292 7885 3924 
1436 2685 1611 7327 6031 6961 5089 7203 8914 1242 3125 7882 4391 7792 6189 3781 4811 4743 7123 2964 2642 5474 4725 8043 2174 6127 5378 4289 2421 7592 7095 2748 
6666 3150 4702 8820 1406 2353 5519 6740 1724 7411 2203 4986 1883 1106 7059 7384 5927 2200 2821 8359 5327 6719 8244 2296 4122 6496 1080 6559 2337 1989 2115 8491 
1400 4166 3676 2973 2222 8374 8290 2314 4063 4520 3749 8891 3842 2306 8625 7321 8047 5190 4852 5472 1986 3385 2191 5339 5116 8758 6970 1459 7585 8072 1064 6602 
7544 6890 6024 1854 1770 1462 1906 1220 8799 5109 8083 6410 1758 6914 3464 2062 5238 6315 5997 4212 1026 6197 1604 4060 4170 7247 6983 2160 2966 5511 3006 5360 
8933 1771 8398 7210 3675 1563 5277 1038 8634 6808 5536 7398 3222 4339 7602 8434 5229 5434 3913 6195 6975 3012 7656 4303 6785 8503 4747 5924 7335 1270 8561 1771 
2073 7516 1484 7699 8777 7485 4955 1594 6109 3745 1968 2228 3710 1499 3296 7561 5015 6464 4281 3264 3826 6609 3315 7193 6442 4528 7870 2730 3469 7392 6815 8281 
3281 5807 6251 5744 3161 3896 5554 3954 6234 6964 1914 5119 7468 1125 1259 5130 6235 7807 8864 3898 8675 8699 5754 4382 1277 8677 4311 6353 3105 8360 3960 6650 
6718 8907 1527 6524 4751 4595 8599 7672 6134 5542 3648 7192 3807 5158 2593 8404 7740 3704 6199 4855 8415 6019 7222 7532 5571 2552 4294 3397 6439 7045 3759 1884 
4356 4585 1454 6561 7794 2249 3544 3076 1283 1777 1077 5097 1990 8304 1206 2363 4131 7444 3504 8213 4183 1178 7693 5222 3422 6225 6072 5078 3051 7695 1969 4836 
8302 4634 2990 5719 2664 7855 8463 4541 4020 7013 1790 4148 3107 4451 5660 2789 4503 5783 7930 6141 5421 3577 7697 7837 2743 1489 3980 6708 7077 8518 4603 2860 
8558 6214 1315 5065 8586 3920 4700 4809 4666 1333 7244 7510 3694 3015 3219 6257 6439 3457 3290 5319 7147 5846 1715 3134 4903 7718 2322 6145 2775 4828 4892 7374 
3181 8296 4809 3841 5365 5913 8897 8043 2136 7864 2314 3879 8639 1853 2659 1074 5161 8874 1883 5069 3347 1095 2738 2043 6733 2466 6319 7231 3594 7515 5079 4481 
6603 1938 6372 2829 7098 7117 7735 8698 4944 5950 5720 1763 1844 5115 8707 5857 3958 6945 6800 8176 2600 8916 4126 6623 1668 5682 8628 6426 7897 7320 2935 8773 
5054 6907 6855 3349 5610 8791 4089 4584 7184 5448 8122 8217 4401 2951 7767 6326 6044 6830 1323 2633 7052 6469 1912 5301 7975 2181 5917 8195 4934 1988 4098 6905 
7734 5585 5095 5111 2128 4993 7867 8272 1641 1396 4017 1929 4012 7630 3027 3214 7391 7551 3542 8085 8876 2828 3637 7716 3414 2969 6781 3071 6695 2892 1102 8122 
}
MatrizB:
{

2503 8290 3082 5222 5062 4880 4263 7396 8772 3043 4594 3003 3425 6353 7167 5261 4253 5412 5923 7411 3948 3561 8169 1946 2344 3881 3071 7117 8382 2178 7723 6359 
1938 2643 5331 1521 1350 3851 8387 2081 6580 1210 5169 8701 6937 8756 3195 1494 5873 6819 3396 3004 4125 4223 7273 1244 5096 3281 3799 6011 8006 1062 8548 8591 
8903 7530 7386 3759 8405 8683 1283 1612 4712 2774 3516 2595 8324 7494 1821 7492 3963 8871 2281 8011 1222 2317 7032 4978 3161 6282 8543 4613 5488 6599 5058 8071 
3786 2621 2742 7256 8116 3873 2639 7055 6050 8789 6426 7519 5343 8668 1590 4528 2606 2424 8104 3551 2616 8437 5948 5040 1345 8664 4224 4878 1259 6920 7018 8635 
4383 8531 5584 7239 2407 7021 5497 3980 3450 7082 7996 4893 7587 1745 2643 5807 6910 8828 3547 7193 7995 1080 4521 6634 5321 3982 2271 2335 1129 6376 5002 4192 
5563 7513 4293 1876 2769 8060 7938 5979 3612 6709 8549 7332 7102 1870 1158 4247 7132 5582 1565 6830 4434 6416 4950 2996 4044 2702 7755 5102 4792 7099 7784 7623 
6294 1838 3765 7814 8326 6317 4918 7395 7226 6318 5165 4916 6449 4503 3069 2488 5979 8457 3027 8855 6645 5869 3962 2908 5234 4308 4537 7503 7597 6483 8315 6439 
7106 8700 2618 4996 5110 2690 6309 3372 2220 1564 3848 1357 3332 6747 5193 2772 1432 7447 3401 4181 1637 2489 2495 7084 8075 6836 4058 8518 2216 7653 6376 3651 
5405 1997 3954 5421 6098 6183 2565 3357 4008 8707 8581 2347 7462 1994 7113 2052 8219 7691 2246 3275 8293 2845 2007 5807 3929 1077 6606 8827 6584 1325 8116 7903 
7270 5921 7512 7225 3172 7780 5642 5196 1368 6796 1978 7761 2952 3518 3460 6452 6288 1223 4694 8812 7394 4479 8139 6504 7252 2207 8993 4225 5680 1412 4983 8565 
5079 1650 4120 7958 5124 4154 6000 1169 3056 5476 6376 2353 3950 5156 4223 8987 2497 5195 2019 7829 7998 1395 5001 1799 5085 2384 2467 5344 6376 6282 2303 6071 
1077 3373 1057 7646 4334 3804 7880 7124 6043 8146 3235 7254 2816 6407 6936 8369 8284 3914 5956 7769 3581 6574 8817 6462 1955 6214 5263 6489 6895 1520 7769 7747 
6579 1162 2457 5072 5505 3180 7677 1273 5023 2298 4982 7979 2773 5125 1412 1807 3743 1876 3829 1008 8992 4052 3428 6904 5852 1213 1892 2825 3538 5057 4523 7620 
1357 6139 6596 6346 2531 6521 1540 1867 4000 3872 3432 6010 1376 2388 3348 3175 6245 3109 1690 3759 6927 7263 5426 1760 3633 3899 5848 6644 8047 3586 8985 7957 
2129 3561 5008 4189 3691 4962 2626 3055 8160 8341 7394 5349 4416 1226 7713 8155 1210 3993 3534 8504 7241 3454 2392 6800 7487 2090 2778 3740 6974 3340 5194 3053 
4267 8650 5731 8763 8755 7052 8032 4800 8606 8312 1844 4418 4675 2743 7536 4236 4141 6893 4235 7503 8978 2099 8985 4182 6586 7382 4546 1864 6707 2379 8430 5493 
3326 4077 4348 4680 5871 4841 4666 7542 5809 4082 4288 1432 6364 5597 7954 7982 2338 3792 4605 6355 8053 7137 3684 5501 6553 4304 3075 3284 2247 2036 1866 8404 
4822 5995 2694 6358 7631 7082 1036 4910 5243 8240 5703 8606 1887 2423 8148 2091 4610 4736 4409 2654 1108 6240 6336 3471 8090 6632 8526 4957 2357 2828 7947 5423 
3325 4186 1335 5281 1694 2263 1208 2634 2203 2450 7157 8104 8321 1057 8579 3284 8416 5485 6472 8912 4524 8612 3888 1615 6687 6443 7772 5236 5010 3305 6370 8704 
7777 1020 2719 4589 4294 5808 3467 8315 3285 3042 5009 4555 2938 8731 2095 2957 7519 8278 1768 2825 2877 1842 8924 4607 7279 1508 1479 2260 5685 7353 6732 8094 
7891 1518 1384 6112 1583 8278 2605 2870 6101 7043 5537 4806 1469 3325 4559 5151 7797 7022 8622 7094 3278 6038 3840 3134 2171 5236 1194 7342 3959 6667 4298 4588 
4285 4995 3265 1699 6850 5028 4968 5578 2359 4471 8653 5022 4160 3319 7884 4318 7342 6861 2612 8587 2416 2496 7394 8637 6928 8161 2818 8802 8965 3231 7712 7750 
3700 7299 2614 3494 8576 8377 3821 7559 6212 1640 2787 8737 3053 2054 1583 1372 7192 7425 6575 5246 4506 4928 4850 4819 3069 3488 5096 8039 4375 7410 4039 3391 
7913 8107 5525 6046 8120 5218 4749 4597 6948 2177 5861 7272 6057 5980 8964 3317 2362 5667 1104 4642 4648 2209 3988 2320 3200 7212 7200 1811 2507 6316 8256 5689 
4263 7360 8511 3065 4233 5384 8653 1668 3700 1792 2681 2112 7516 5160 4334 8624 3517 6449 6623 5512 2861 5191 6013 2619 6185 4017 7856 4746 3464 7568 6612 6351 
3905 7980 4519 3042 6971 6471 1472 6293 8282 8821 6931 8375 7567 8035 4887 3968 6922 8647 6940 3698 4050 7754 3010 4107 7281 1262 1833 4786 4145 7275 2398 8962 
5614 6967 4677 5006 4636 2155 2791 8086 3988 4708 8568 7253 3957 8464 1315 6943 4553 5796 1654 2809 4115 4221 7595 1172 2314 2720 6191 3684 2268 7460 2838 3858 
5344 4550 5505 7876 6440 8727 7183 1639 6570 1523 6559 8305 8204 4490 3331 5400 3481 3757 3300 3257 2756 5246 5848 1158 1541 5706 3147 8108 2553 7672 3926 3438 
4844 7457 4625 5005 3653 7101 7402 8876 3143 8462 5069 2459 1157 2661 7997 5272 1167 6143 6041 3839 1671 5299 4948 8365 2831 2655 3717 5559 3879 1798 1820 8020 
8533 1478 7665 5519 4946 1314 1336 5707 3523 8578 8948 3120 4211 5553 6124 7478 5515 6038 8403 8132 7700 3128 1818 4926 5019 2612 2466 3962 7628 5838 3248 5877 
4169 1178 2154 2361 3051 7752 3059 5159 8287 3770 2898 6980 2390 1604 4022 5596 6609 7975 3317 5686 3103 8075 5260 8198 1572 7951 7294 6250 3982 1347 4197 1792 
7268 3377 6391 5626 2039 6577 2623 1325 5193 3267 5257 5944 4057 5920 2851 2897 8447 1713 7119 5579 5317 7885 2815 6811 4452 3927 2299 8626 7176 2841 3087 8841 
}
